0
1
3
5
7
8
11
12
13
14
16
17
19
21
24
25
26
27
28
29
32
34
37
39
40
42
43
44
47
48
50
51
52
56
58
61
62
63
66
67
68
69
70
71
73
75
76
77
78
79
81
83
84
85
86
87
88
89
90
91
92
93
95
96
97
98
99
100
101
102
103
106
108
109
113
114
115
116
119
120
122
123
124
128
129
130
132
134
135
136
139
140
141
143
144
145
147
149
151
152
153
156
157
158
159
160
161
162
163
164
165
166
167
170
171
172
176
177
179
180
181
183
184
185
187
188
191
192
194
195
197
199
200
203
204
205
206
208
209
211
212
213
214
215
216
217
218
219
220
221
222
224
225
226
227
228
230
232
233
234
236
237
238
239
241
242
243
246
247
248
250
251
252
256
257
258
259
260
261
262
263
264
265
266
268
270
271
272
273
274
275
276
277
279
280
282
283
284
285
286
287
290
291
295
296
297
298
299
300
301
302
304
305
306
307
308
309
310
312
313
314
315
317
318
320
321
324
327
329
332
333
334
335
337
340
341
343
344
345
346
348
349
350
351
352
354
355
357
358
359
361
363
364
365
366
367
369
370
371
372
374
375
376
377
379
380
381
382
383
384
387
388
389
390
391
393
394
395
396
398
399
401
403
404
405
406
408
409
411
412
413
415
417
418
420
421
422
423
424
425
426
427
428
430
431
433
434
436
437
438
440
441
442
443
444
445
448
449
451
453
454
455
457
458
461
462
463
465
467
468
469
470
471
475
477
478
479
480
481
482
484
485
489
490
493
494
495
496
497
498
499
501
502
503
504
506
507
508
509
510
511
512
514
515
516
518
519
520
521
522
524
525
527
528
529
530
531
532
533
534
535
536
537
538
539
540
542
543
546
547
548
550
551
553
554
555
556
557
559
560
561
562
565
569
570
572
573
574
575
576
578
579
580
581
582
584
585
586
587
588
589
591
593
594
595
596
598
600
602
603
604
606
607
608
609
610
612
614
616
618
619
620
622
623
625
626
627
628
631
632
635
636
637
638
639
640
645
646
650
651
652
653
658
660
661
662
663
664
666
668
669
670
671
672
676
677
679
680
682
685
686
687
688
689
691
695
699
700
704
705
706
707
708
709
712
715
716
717
718
722
724
726
727
729
730
731
733
736
737
738
740
741
742
744
745
746
747
748
749
750
752
753
754
755
756
757
758
759
762
763
764
765
766
768
769
770
772
774
777
778
779
780
781
783
784
785
786
787
788
789
790
792
793
795
797
799
800
801
802
803
804
806
808
810
811
812
813
814
815
816
817
818
819
820
821
823
827
828
829
831
833
835
836
838
839
840
842
843
844
845
847
851
853
854
855
858
859
860
862
863
864
865
866
867
869
872
873
875
877
878
879
880
881
882
883
884
885
886
888
889
890
891
892
895
896
897
899
901
902
905
906
907
908
909
910
911
912
914
916
918
920
922
923
926
927
928
929
930
931
932
933
935
937
938
941
943
946
947
948
949
950
951
952
953
954
956
958
960
961
962
963
964
965
967
968
969
970
974
975
976
977
978
979
981
983
984
985
988
989
990
991
992
993
996
1000
1001
1002
1003
1004
1005
1006
1007
1008
1009
1012
1014
1015
1017
1019
1022
1023
1024
1025
1028
1030
1031
1032
1033
1034
1035
1036
1037
1038
1041
1042
1043
1045
1048
1049
1050
1051
1052
1056
1057
1058
1059
1061
1062
1064
1065
1066
1067
1068
1069
1070
1071
1072
1075
1076
1077
1079
1080
1081
1082
1084
1085
1088
1090
1091
1092
1093
1099
1100
1104
1106
1108
1109
1110
1112
1114
1115
1116
1118
1119
1120
1121
1122
1123
1124
1128
1129
1130
1132
1134
1135
1136
1137
1139
1140
1141
1142
1144
1145
1147
1148
1149
1151
1152
1153
1154
1156
1158
1159
1161
1162
1166
1167
1168
1169
1170
1171
1172
1173
1174
1175
1176
1178
1181
1189
1190
1192
1195
1196
1197
1198
1199
1200
1201
1203
1204
1205
1206
1207
1208
1210
1212
1214
1216
1217
1218
1219
1221
1222
1223
1224
1225
1226
1227
1229
1230
1234
1235
1236
1237
1239
1241
1242
1243
1246
1247
1248
1249
1251
1252
1253
1254
1256
1257
1260
1261
1263
1264
1265
1266
1269
1271
1274
1275
1277
1278
1279
1281
1282
1284
1285
1286
1287
1288
1292
1293
1294
1295
1296
1297
1298
1299
1302
1303
1304
1306
1307
1310
1312
1313
1315
1316
1317
1319
1320
1322
1323
1325
1326
1327
1328
1331
1333
1334
1336
1337
1338
1339
1340
1341
1342
1343
1344
1345
1346
1347
1348
1349
1351
1352
1353
1355
1358
1359
1362
1363
1364
1365
1366
1367
1368
1369
1370
1371
1372
1373
1374
1377
1378
1382
1385
1386
1387
1389
1390
1391
1392
1393
1394
1395
1396
1397
1398
1403
1406
1407
1408
1409
1410
1411
1414
1416
1417
1418
1419
1420
1421
1424
1425
1427
1428
1430
1431
1432
1434
1435
1436
1437
1438
1439
1440
1442
1444
1445
1446
1448
1449
1450
1456
1459
1461
1462
1463
1464
1465
1467
1469
1471
1473
1474
1475
1476
1477
1478
1480
1483
1485
1486
1490
1492
1493
1496
1497
1498
1499
1500
1501
1502
1503
1506
1507
1509
1510
1511
1514
1515
1516
1517
1518
1519
1521
1522
1523
1524
1525
1526
1527
1528
1529
1531
1532
1533
1534
1535
1536
1538
1540
1541
1542
1543
1546
1547
1548
1549
1550
1551
1552
1553
1555
1556
1557
1558
1559
1561
1562
1563
1564
1565
1566
1567
1568
1569
1570
1573
1575
1579
1580
1582
1583
1584
1586
1588
1590
1591
1592
1594
1595
1596
1599
1601
1603
1604
1605
1606
1607
1608
1609
1610
1615
1616
1617
1618
1620
1621
1622
1623
1624
1625
1626
1628
1629
1632
1633
1634
1635
1636
1637
1638
1642
1644
1646
1648
1650
1652
1655
1657
1658
1659
1660
1661
1662
1663
1664
1666
1667
1668
1669
1670
1671
1673
1675
1676
1677
1678
1679
1680
1681
1682
1684
1685
1686
1688
1690
1691
1693
1695
1696
1698
1700
1705
1706
1710
1711
1712
1713
1714
1715
1716
1717
1719
1721
1722
1723
1724
1725
1727
1728
1731
1737
1738
1739
1746
1748
1749
1750
1751
1752
1755
1756
1757
1759
1761
1762
1763
1764
1765
1766
1767
1768
1769
1770
1771
1772
1774
1775
1776
1778
1780
1781
1784
1785
1788
1789
1790
1792
1793
1794
1795
1796
1797
1798
1799
1800
1801
1803
1804
1805
1807
1812
1813
1815
1816
1817
1818
1820
1821
1823
1824
1825
1826
1827
1828
1829
1830
1831
1832
1833
1834
1837
1838
1842
1843
1844
1845
1846
1848
1850
1851
1852
1853
1854
1855
1856
1858
1859
1860
1861
1862
1864
1865
1866
1869
1871
1872
1875
1876
1878
1880
1881
1882
1883
1885
1888
1890
1892
1893
1895
1896
1897
1899
1900
1901
1903
1904
1905
1906
1907
1908
1909
1910
1911
1913
1914
1915
1916
1917
1919
1920
1921
1922
1923
1925
1926
1927
1928
1931
1932
1933
1935
1936
1937
1938
1939
1940
1942
1943
1944
1945
1946
1948
1949
1951
1952
1953
1954
1955
1956
1957
1958
1959
1960
1961
1962
1963
1964
1965
1966
1967
1969
1970
1971
1972
1973
1974
1975
1976
1977
1978
1980
1981
1984
1985
1987
1989
1990
1992
1993
1994
1995
1996
1997
1998
1999
